bias_a:
  x: -0.132490269370
  y: -0.056562486375
  z: -9.808054251834
bias_g:
  x: 0.000665131773
  y: 0.000308961740
  z: 0.000451598618
