bias_a:
  x: -0.290459793294
  y: -0.175496976172
  z: 0.000200000000
bias_g:
  x: 0.005690916690
  y: -0.011271182931
  z: -0.022368817575
init_ecef:
  x: 856213.035799999954
  y: -4841352.501400000416
  z: 4049884.505400000140
init_llh:
  x: 0.692345883192
  y: -1.395752224054
  z: 288.981200000000
