bias_a:
  x: 0.049725549309
  y: 0.280722422325
  z: -9.806383392926
bias_g:
  x: -0.000007296495
  y: -0.000147732137
  z: 0.000591663048
init_ecef:
  x: 859207.651300000027
  y: -4836200.229899999686
  z: 4055498.126499999780
init_llh:
  x: 0.693481702495
  y: -1.394969205710
  z: 373.843300000000
