bias_a:
  x: -0.400831776243
  y: 0.005168301211
  z: -9.802431806855
bias_g:
  x: 0.001059516269
  y: 0.000667321557
  z: 0.000778417486
init_ecef:
  x: 856178.760600000038
  y: -4841342.737399999984
  z: 4049908.146199999843
init_llh:
  x: 0.692350307183
  y: -1.395758744703
  z: 292.054000000000
