bias_a:
  x: -0.350683766123
  y: -0.154689728767
  z: -9.802714406822
bias_g:
  x: 0.001382318724
  y: 0.000868024767
  z: 0.000671516069
init_ecef:
  x: 856216.650299999979
  y: -4841353.627600000240
  z: 4049888.435500000138
init_llh:
  x: 0.692346185500
  y: -1.395751540091
  z: 292.836500000000
