bias_a:
  x: -0.290790244374
  y: -0.179806585174
  z: -9.795042826929
bias_g:
  x: 0.005363335226
  y: -0.011314525545
  z: -0.022299004405
init_ecef:
  x: 856213.034600000014
  y: -4841352.503700000234
  z: 4049884.509000000078
init_llh:
  x: 0.692345882777
  y: -1.395752224126
  z: 288.979400000000
